3607
320
329
4087
7673
8099
6318
1379
9677
5139
4998
5782
4719
2590
3069
1962
1517
606
8128
5923
582
5204
5350
1970
3310
2229
4820
4076
89
522
8338
592
7661
8454
795
9758
8256
6381
451
3520
5229
2818
8035
6094
1307
9260
3434
6983
6166
3811
8148
1781
3476
7130
1171
46
1810
6451
9741
1787
4838
7983
9295
2497
4579
3554
964
2938
258
8817
7771
1107
458
2370
6327
1995
4339
9591
7184
5089
5811
3812
8695
7962
659
3718
989
1495
65
3408
1032
1120
2770
1335
6681
7490
7543
387
2419
6571
2015
9977
412
3492
1733
3404
7387
8907
9422
5659
7469
4969
6580
8141
1588
41
2035
3508
2323
9299
5198
9599
6265
9402
9142
5437
681
472
536
3799
3369
8710
2836
8506
3046
4860
5024
9720
5184
3186
7523
684
4381
6639
2152
3950
4663
4043
2737
8180
7421
2240
2324
5291
1774
9748
872
6729
2583
7034
1606
8018
4015
928
1154
7277
209
3891
7669
6049
5738
1073
4129
7814
3515
7744
6417
6971
4060
6826
6788
300
2554
1264
4965
8745
6102
157
1280
700
8100
8637
8812
346
4319
2826
2806
5646
8246
9274
2353
3773
7899
8821
1711
5023
3169
2154
4268
1002
4820
4927
5568
8010
2543
4218
3835
2463
562
4914
3770
748
3781
8698
9056
4059
6197
707
7500
544
5196
1855
2412
7659
1688
2468
6046
376
2648
7633
9756
7540
256
1282
362
8725
6845
1825
524
926
4898
9445
7267
9728
1280
6822
231
7875
1750
3850
67
7686
8946
4263
3526
8495
3166
4356
3438
6078
4034
8281
9311
148
328
5320
3305
7907
9744
6629
332
8789
8075
4144
7076
5002
6362
1097
4783
7249
2746
8554
1791
516
1939
5949
4457
1584
5522
4924
208
3950
3525
1538
5364
4448
1547
4393
7200
8713
4990
7503
18
8375
2435
9812
4965
1320
3196
1169
2770
9964
9126
5437
9013
6766
5683
8776
1008
5577
1375
918
9245
1352
1745
1710
5931
163
6657
1750
2238
9869
2904
831
5198
819
2190
9499
6058
4843
3876
9446
8403
6245
2905
1549
7531
7309
1109
7947
9955
4077
9512
7563
1681
1340
1386
4001
5849
9643
9964
2057
5412
6735
6225
9070
4715
91
3677
2708
9180
376
3381
1976
1169
3204
881
5560
2188
9866
6837
2460
6103
6758
2654
1852
4843
2543
6732
5405
6221
3785
9255
7572
3814
5014
7234
5962
2072
7295
5580
4209
2707
954
5046
5632
4637
3391
3664
2996
51
5548
3057
1171
1801
951
2933
3510
5359
5006
1119
658
8536
1673
9778
9286
3381
5291
1540
5503
5929
733
4659
5592
8304
2807
2680
5529
5052
4970
4236
7844
1369
690
6325
2299
4591
7213
9509
7418
4933
1186
1568
8210
1969
7171
9731
7250
895
4571
4546
1215
4764
56
8872
2211
8927
703
840
283
9722
1392
2017
2954
5036
497
6170
6021
9352
644
7467
7003
5127
576
7154
6576
7696
5002
7082
5095
646
6112
2609
3366
9631
4337
3783
2992
6055
403
5122
236
7933
9759
7609
1840
7448
5347
97
6850
6073
4287
6837
8174
1126
725
1097
3495
8413
4636
5728
5120
193
3913
2878
970
2296
5446
9366
7873
54
2484
2541
1936
9467
4364
5641
4063
3544
7184
1436
5383
3153
2111
2242
554
5305
4984
978
7768
3306
6367
1204
2434
455
7774
4983
9323
8440
2450
7840
996
847
6973
4688
3668
1489
3929
2348
7549
2442
9066
18
7070
6075
6572
4803
3288
7489
2064
9448
868
5418
8808
7675
2220
2647
9696
350
4510
6746
6272
3054
3607
8256
3326
3864
1655
6585
9173
2812
6995
3625
4508
1635
4347
8482
3726
6737
7318
3899
6667
4501
7899
8250
4288
1795
8658
4284
2466
7755
2076
5129
9427
9263
3856
7917
1953
7762
29
1162
9133
3685
1916
5585
5063
9158
6269
1592
20
4478
5929
5738
1435
2127
4569
3583
9961
159
5223
7239
6857
2984
4080
733
7472
948
2173
5197
9080
5138
3048
1644
9177
6409
1128
6282
9825
1315
6668
8229
8981
6598
8965
457
9410
3918
6763
5384
352
7053
9565
6092
4155
983
2921
9481
2838
1914
278
655
1045
22
1780
5237
3261
1556
9562
5644
7179
6619
2191
2716
9007
4460
423
1750
3763
4418
8602
612
1466
4648
2478
114
4081
447
5827
5196
340
3049
3322
8046
3973
3939
6080
7142
26
1739
1684
3489
2534
6871
6895
7411
2118
9437
9796
1681
144
1706
8974
2117
3706
2348
1358
5129
9010
6769
2012
1433
3078
1717
367
6975
9964
893
1875
6863
9506
4402
5285
3818
7788
8036
294
8030
1805
3628
1659
6175
8004
209
345
4733
8987
310
2565
5471
5643
4531
3903
4545
2496
4644
1936
1617
8588
9431
2653
5221
3427
1855
5376
2185
7563
8873
8854
2527
5468
984
2353
9050
7858
2326
9879
2574
3403
5664
9734
9074
2215
8944
5193
4685
2260
6105
6246
3705
3309
9659
2790
2015
9673
5247
2270
8448
3021
5194
3844
500
3557
8651
8342
233
3409
9194
9
537
982
9611
1895
6525
8802
4164
9719
6543
7651
7625
5329
3563
2357
8986
1254
5976
6781
6093
1067
6059
3010
2790
8091
3152
6437
9390
9449
1465
4972
2102
6779
7400
3062
773
8881
1290
150
8391
4963
1090
6218
4096
3775
6990
1388
5080
236
4099
3132
5657
8036
4647
5459
994
6174
8425
4280
6617
8127
6004
5841
2459
4971
2586
1672
8501
2093
318
5181
8315
6085
3690
9790
2356
5069
6546
356
4078
1119
894
7228
242
1599
6912
7171
2350
1570
7785
6106
4972
4393
4275
4911
6008
4164
4122
618
9913
2338
4492
3458
478
3942
1693
824
5109
79
7824
8006
7221
582
2937
8070
494
24
5153
6263
1855
5557
9753
9935
5041
7031
1342
2520
9544
2451
4621
1339
278
3339
8455
1850
3410
1714
3912
4957
4729
8335
974
291
7007
9082
5323
553
3269
2328
3312
1412
5424
6811
6409
9227
4167
4525
7922
4926
1472
9740
4947
2859
6016
7702
7876
9033
4474
9167
8615
7914
53
9154
2409
803
1336
605
1610
995
2336
5160
5837
1794
6338
1288
9170
2916
9285
3091
1502
4268
605
9402
3439
6161
707
9710
4929
8785
5977
8296
8782
1073
3333
6913
1955
7853
1346
7809
8717
3418
4859
4523
9139
4415
9661
4398
6177
6303
9987
2346
3110
3251
7245
7882
9418
2575
7572
2336
9670
255
4963
1406
2111
4972
7175
832
7852
543
4165
735
1084
8454
823
1555
6351
5331
7499
5351
5989
5372
7908
8539
6664
2735
1089
5609
5692
1024
1313
2196
7402
7204
4923
687
2688
6288
1207
228
6301
5736
7390
982
8962
621
2700
8837
6017
5665
4311
7452
7541
958
5181
2803
8009
8388
1351
250
1802
3867
2582
3510
3206
904
3493
8526
1964
6059
1687
2456
2060
48
1248
5314
660
4141
1451
8844
2354
5705
986
773
1311
6240
8991
9915
6511
6060
8659
1042
460
1412
1592
1037
7131
4606
2831
6052
3208
9893
2129
374
9130
6451
386
9518
931
3406
4968
9062
2536
1577
9445
8439
5388
106
9503
8277
1606
5933
9958
9019
1142
4305
442
6987
1417
4811
5819
8606
3988
38
6896
1999
7279
6089
468
1444
3939
9416
6588
7056
1700
6567
7531
8282
2911
6753
6634
5888
6261
9214
638
4174
7050
1595
8114
8217
8297
2486
5990
8614
4245
2302
3416
3708
1188
6752
6898
4481
1212
829
1087
8172
8391
9367
2435
6067
2236
5438
2525
7145
9119
2183
5
4183
1117
5464
3022
7396
3794
4822
2068
7208
8090
5843
8504
1997
834
2041
4567
5091
728
4702
3858
8729
6605
3567
1166
3510
4068
9583
643
269
9271
8282
1211
1400
3760
5809
1929
1695
2616
7011
2383
6807
4694
8604
7993
3998
6600
381
2873
813
1206
6786
4672
7936
8546
2539
9878
6631
1696
8041
4073
9234
8292
4139
2194
4012
2857
8967
3935
6635
9577
2693
6763
8837
2847
9549
7960
1364
6196
1231
8280
2199
1156
5171
7582
179
2570
3526
5934
4223
2424
3245
2718
3058
8569
9603
167
1387
4003
1527
8350
7148
6535
2413
2314
1931
3187
5852
4956
7722
6521
1083
8396
6690
9652
2055
8437
7022
8382
8273
7982
4459
9473
6627
9659
7502
2409
4105
453
2060
9141
3
3554
125
2938
7586
1853
2496
831
3431
750
5325
4437
2149
4821
845
2889
1512
6134
582
6583
793
1644
659
9127
1927
72
5709
3690
1683
2017
2892
1081
1456
1412
103
8054
1075
2661
1321
5884
1467
9141
2089
2148
6105
3233
790
5812
2094
9937
1487
97
7215
3755
1991
9097
258
1684
3443
1097
2125
844
6341
6653
8078
6715
2095
1609
2765
3849
3928
9340
7771
8352
9816
8862
1586
784
1568
4578
180
9344
4110
1674
3973
7188
1005
1186
9959
425
4133
4662
873
8497
2009
887
9542
6877
383
3200
244
1945
1308
9032
8928
6205
1002
6251
1266
794
1195
9998
8444
760
3058
5387
1992
1393
838
9077
3090
2658
260
3089
1446
9981
8817
6251
6159
8352
692
8898
9254
1086
9708
1452
6029
8261
7026
9534
3288
2889
5640
9035
9632
5002
6035
3797
4140
9548
5588
8500
5713
5096
1234
9265
3983
4604
9182
2058
6508
5439
9254
9870
2088
251
1347
1466
4317
7155
9326
3972
9529
580
7227
9141
1486
2711
2389
9335
9619
2847
8881
6133
3572
6385
3167
5641
6942
8487
4569
6872
5343
7743
3294
3753
517
5180
90
3276
1093
8104
4938
6028
8318
3664
1660
448
6762
4313
6526
6625
5146
5721
3149
2452
7962
4393
3573
3296
2447
1921
5811
2057
3803
3594
8837
7759
2723
4668
5899
3482
6150
9948
5195
2431
1920
6877
3583
1704
2081
8533
9003
1952
483
3451
7177
6436
8707
6821
1443
7385
1585
8545
954
4988
1077
2900
4553
6538
3466
3648
2947
3227
3398
868
300
446
5063
8525
7385
8481
6
9589
5978
328
1207
1799
1343
5801
506
2951
7052
238
3667
3434
208
9723
3687
319
6186
3130
3758
3342
2272
4950
4112
9465
3230
4994
1413
4602
8017
6210
2827
4040
6367
6686
2528
4764
7184
2059
7254
3996
1528
7252
1383
2649
951
1034
3354
8429
761
6682
4829
2411
6513
4661
1897
3220
2376
8138
3637
226
661
2037
8992
8900
9080
2807
1467
4205
291
8334
1717
7405
9475
2441
1697
1013
4975
9995
2486
6005
9031
536
3443
5879
5763
1890
5447
74
860
7868
5793
2050
2626
2571
7425
9929
8662
5126
2826
4773
278
8538
3468
164
1891
3636
3804
6235
7139
6567
4177
7148
1875
5694
3397
8701
1650
2035
4818
2378
2208
3917
1002
8847
706
7553
301
7972
5317
6419
9172
2742
7664
6048
468
3170
3610
1496
5243
1812
1160
6710
8428
7535
6207
1380
3091
7100
6307
7221
5499
5859
1376
2234
2792
5219
7354
6182
4923
5266
7312
9953
1927
3622
3945
3198
2943
9514
8355
5053
1798
6986
2285
4419
8098
4841
9981
5264
7262
3337
6579
656
6097
5078
3021
2390
5893
8409
5756
5450
7
3290
7252
1290
5476
707
6348
251
1388
2402
6426
931
3481
6423
786
1235
8814
1130
5609
4766
1598
5781
8972
6978
6351
5606
7971
7562
822
9425
3763
9903
8704
7252
4068
9296
3570
196
6177
4759
9108
6317
9929
3502
5472
8761
3123
4805
7520
7022
8979
4604
4748
624
640
8759
7158
2144
5230
9138
7729
9748
1087
4179
1802
4275
8342
6145
4024
2853
5029
7229
1767
3278
4917
1883
4321
1796
8181
1925
5406
4624
8442
5723
8381
2284
2978
7743
1855
9856
1627
3023
6762
965
4622
9553
8594
2639
5215
7718
6217
6146
9093
5248
8541
9526
4787
9347
165
5131
7499
8209
949
1688
1155
1174
2022
9518
58
1964
4399
1749
4273
9176
6361
8979
4724
3344
9257
8866
4318
3804
5950
2762
566
5564
1198
9112
8100
6872
1871
1980
2608
6932
9167
9670
1567
3634
9464
2412
9941
62
8031
9517
1879
5595
1103
9979
82
966
2383
9933
9602
757
9290
365
7268
2851
8550
1849
9363
9610
3535
7819
6775
2340
1597
8955
6921
4632
17
1007
3660
794
7211
6234
7129
5628
16
6109
8467
2724
206
3406
5498
4312
8484
5489
6981
1028
9082
763
6630
2731
633
2215
4069
699
739
4714
1892
4812
8946
5538
4926
8700
3455
6599
8646
4866
346
2242
1337
5504
4349
7721
4265
2701
8115
756
939
745
296
1146
3629
6351
9097
4051
3751
1003
6832
3257
2711
8096
2478
5643
9843
1550
3691
5650
6841
5621
7036
8205
2379
7264
1362
1667
1194
2758
5502
7698
5386
117
9154
3416
200
1426
652
4589
225
1045
3084
9924
4829
4791
9838
344
2812
3921
1117
417
56
7641
6104
322
38
9085
7799
7915
3269
872
9187
1501
3007
7375
50
3130
4077
5690
6613
2115
9711
4713
8320
2374
6871
9840
2658
315
7512
5413
7665
9651
9742
8741
2134
3964
4688
596
3405
7165
4062
3073
1022
7658
5960
8289
6234
4805
9062
8155
9088
7569
2038
9426
886
2207
4593
6641
370
2061
8170
6933
9082
6333
7909
604
5390
2112
3067
525
3681
152
6109
3428
194
4302
6451
6275
5006
7127
9081
7560
7520
388
7716
3929
2202
3224
9813
8034
7350
9333
2921
7106
4378
1424
205
3246
4841
6096
1812
4919
8129
3481
9094
1417
1800
6408
9386
7933
5943
5201
142
3804
649
3559
9673
9150
220
4076
4661
6581
6122
7952
4157
8451
1051
2162
3697
8931
1889
6725
9158
6468
5435
1666
4981
1295
2360
8556
4192
3074
8573
6687
9455
6779
7657
3761
1235
440
3505
6497
5425
980
4727
6291
7208
1781
7129
3664
3602
1826
7993
445
4334
7256
8300
9791
1350
2961
1645
1804
1072
259
8591
7748
7466
1553
199
5995
8576
3251
6601
437
3754
8663
5150
4818
8905
9579
1339
2960
2628
770
558
803
7342
6198
531
8960
310
5851
655
3376
6429
9656
6243
730
3817
867
2201
295
2292
905
7769
1478
6501
3412
3524
5153
5341
5769
8778
3256
2035
581
8275
8176
6335
2002
524
6082
7629
1875
1294
4621
9367
286
4089
5243
3589
7807
4801
7247
1909
4090
9315
6686
1916
6603
6386
2099
5460
6490
5693
1143
3076
5686
4475
3220
2281
9465
2188
6611
7687
1299
1318
6383
3728
8976
3806
6411
5436
3125
3097
2057
1559
4967
5256
8772
300
9324
7132
1138
1532
1796
7251
2548
3826
2780
3800
7645
8915
1069
7537
8343
6504
1386
6975
8845
5973
5588
7409
2888
3536
671
6366
1225
1173
4494
7424
3359
5339
7645
4744
6664
1893
4083
7833
5932
3970
9887
1990
4698
2208
9656
3349
2056
3113
7506
1269
363
7950
5743
270
5746
6176
5374
2648
5594
848
1591
2904
9020
7397
208
8103
8513
5085
9425
3576
9012
2314
5817
9915
1971
7068
8537
8839
4167
2753
4117
4707
6410
7234
5403
4011
9398
8225
7479
9178
3947
8813
1886
8166
9302
3533
5498
3203
5166
2619
2763
1163
9002
6687
1411
8953
2552
5413
9253
4006
254
9875
1825
8186
6828
6578
4564
5927
1502
7880
555
4433
5387
7241
2733
1183
6753
3385
1424
8018
5017
8089
3439
3070
3833
3023
9253
7243
3281
9346
5188
4420
8615
5036
4533
176
7713
755
7132
3691
1346
1753
5542
581
7896
2813
7896
3918
9726
3711
671
7531
1264
614
2612
6258
708
3353
4963
3422
3608
637
2600
155
1782
5967
6112
4414
6313
6191
1472
8226
312
7721
4759
2520
2296
6916
4052
8759
1849
2633
979
6819
12
6412
3039
4677
1537
7896
4066
5472
1829
260
5961
1520
2858
952
7494
5648
5853
1438
2845
9611
8951
7790
9470
981
9396
1677
266
715
6470
7826
9609
4519
1393
9111
7462
2434
1789
1116
2107
2581
5725
931
9409
932
5847
1259
7295
3732
332
1389
3432
4316
731
2267
6955
5909
1828
8956
3222
2725
9688
1214
6517
1372
1891
1074
4227
4134
4955
7845
265
5549
3959
2445
7472
5437
2299
2488
7556
551
2624
3805
9156
259
4755
3914
191
4385
9288
3463
7026
1294
3159
9175
9460
7143
1569
6963
333
194
7579
2584
7268
5183
6237
6151
7190
8663
3759
5663
6396
3324
77
1710
4738
6122
3557
2887
1604
6697
3751
588
9370
6743
4420
5891
5015
9427
3352
9880
448
5729
5750
9689
2589
3075
2652
584
3982
2862
8494
9050
9498
7895
7405
7004
1048
1045
633
912
9330
4400
7951
2645
9244
6958
7353
8045
5149
9458
5679
6030
7717
7470
4947
9469
970
7458
1829
419
6206
186
7880
8969
3346
5920
5574
9641
8359
7318
7839
5290
6271
5554
977
1403
8444
1271
51
7005
3062
7515
7314
983
2670
6104
2504
4668
9534
954
8204
583
1516
2578
8833
3354
9834
739
1725
3249
741
1661
3447
6316
6704
2457
8453
1213
3535
8807
5362
1760
8020
4109
3509
2145
6828
9061
6855
2943
7622
2775
5046
3613
3209
2688
7417
8393
120
2693
3858
3778
6331
7091
7104
1650
2971
5723
244
2726
4908
3271
6548
741
6906
9028
9669
6201
816
3046
847
1105
7109
4964
692
8815
7416
9453
8344
162
1693
488
5316
4626
3873
3685
288
4868
349
4126
997
456
5282
6834
877
6875
6877
2535
6037
371
3964
1075
4182
6701
3917
5876
1821
9503
7794
1777
6856
5604
7976
265
9723
5397
8901
6706
180
5167
1996
9542
7975
2458
3636
7704
7235
2411
5372
483
655
5564
9377
3469
2060
4165
2928
9773
2491
488
4764
2080
1407
7529
9679
6395
3460
1764
9338
3035
833
1594
1690
6115
9542
5237
631
3105
7461
2525
1696
4802
4746
5306
3936
1389
3841
1044
17
379
4172
5201
3820
1989
1723
7471
3631
3914
7248
5401
9727
3614
2565
24
6058
7594
8867
7685
823
1194
342
5221
1939
997
1824
1600
379
1392
121
6112
272
8127
8621
408
4301
1458
395
2038
4378
7181
1064
1573
1597
2686
8474
9618
2726
5149
1824
5535
628
2260
4708
3807
3990
1856
7936
6451
322
6193
8534
475
2122
2810
4805
4526
8413
9513
3887
2840
2591
771
7427
1381
7026
3986
2772
6435
7849
9205
1321
9668
3065
1908
4975
2852
5157
2002
655
9700
1394
1184
7989
3756
2732
5596
2967
5761
6205
6567
4967
2636
1738
9110
682
8052
4203
6048
2762
684
5506
4380
3894
616
2242
3077
3360
6051
8899
224
4352
1048
244
8562
1612
3290
2723
904
1924
879
2183
4928
3400
990
867
1253
6777
1170
5804
1513
2434
573
2058
9974
949
6402
8569
647
9077
4077
7292
2844
8981
4665
6643
6035
1021
7739
2277
8499
1208
7186
187
5918
7312
6405
8680
5033
6573
911
8446
9086
8549
8697
9571
8089
9746
939
9895
7393
6128
4083
7099
947
6097
486
2101
5390
564
8529
2349
2229
6382
5674
9972
4600
4415
4359
8696
2802
2491
6731
1648
3820
2947
2579
1154
9686
8180
1285
8408
72
1271
362
2320
9313
2036
84
1375
7173
311
2804
9897
507
6393
2367
8376
1736
4795
5617
9529
1890
2934
3734
9579
4463
1204
4554
625
3770
8990
1193
3872
4095
1588
7566
9942
9260
5978
4436
1655
336
941
401
2897
1901
9277
5131
4052
8908
8518
4612
2225
900
1339
6432
4180
3767
5241
890
9909
9326
1004
117
1160
7871
8410
157
6375
7858
6477
1139
2127
8148
2417
1880
1211
2909
2155
5544
9389
4817
5950
5077
3071
8265
5701
134
6474
3101
1733
4718
9624
3221
4325
1880
3492
5434
5937
9124
3797
7612
1333
6540
947
9920
236
9166
9765
2047
7894
6413
4449
1793
9387
8695
6231
2493
6855
1751
2539
4345
5581
8104
361
1250
5845
7257
2174
5783
7439
5003
2523
7308
3748
6569
7864
5431
8862
6522
5957
7501
5950
799
3540
5024
1056
4907
3601
1285
2385
4185
2076
6331
1501
3150
2677
2833
5249
1455
6150
5475
4774
4802
3958
6390
4794
3843
234
843
5975
6883
7282
212
5140
986
9493
2563
6185
685
3144
6215
3225
9701
7499
7375
4402
5630
9402
5283
2619
9036
9734
9127
5720
1941
8660
9710
1884
2598
6584
6556
4534
8191
4484
9247
7077
1254
1865
2905
9007
4125
1474
5081
6821
593
1979
896
1134
3135
8640
1699
1483
1474
7167
3084
8414
4989
5196
4291
7552
6651
4010
5912
2508
1102
4207
378
73
675
9592
2850
7060
1500
1337
9212
1739
4825
431
1879
7685
9817
3164
1485
3121
1704
9997
5005
2017
5764
8003
9640
5559
4762
7178
7348
1076
9602
9082
4330
8789
2021
1019
8427
5411
2030
6908
595
3571
9802
7888
4578
6480
2553
1418
8665
5921
101
6802
1390
9025
6541
868
2475
9853
4308
202
807
1353
4375
338
6617
9647
2530
1699
4242
3327
4125
1131
9526
556
7980
8508
2411
1780
9179
4018
9023
785
6334
9092
8536
1889
3014
1624
5754
6186
6824
2226
6789
9392
6719
5670
2202
9368
4100
6265
1054
4159
7358
6024
5462
6082
9496
6374
3348
9607
1706
8097
298
7099
5112
1709
9473
6925
5671
3175
7069
6901
7589
6021
4994
4165
7319
1290
3166
8169
6710
3889
5903
453
1999
5804
5764
9636
8672
5538
8773
7751
5495
6963
9142
2927
6845
2354
1956
4246
828
8302
4023
1424
5307
5181
1135
52
1458
8863
161
8279
1768
9504
8578
4431
1804
3563
2993
1719
3545
8078
9903
1869
9178
1263
829
427
8585
6246
9038
9530
8046
898
3629
7763
2183
2588
2629
4674
6366
7461
3474
3690
2339
6147
1108
263
4057
2836
3087
9986
7599
2569
7628
6146
1070
6327
4023
5609
1750
3785
2074
3290
7495
4546
3502
828
374
1015
6733
4643
380
6238
3922
1635
1227
414
3027
1289
668
4644
4372
2299
5787
5383
3887
126
2137
9812
8386
8676
6023
4273
4598
1115
6553
5054
2373
9884
1944
5019
2745
3905
6451
9398
5070
7829
6044
4043
4695
9503
8416
7073
2626
5843
5074
4587
8912
2567
955
753
4741
874
5291
8883
8031
4103
6655
413
1754
8213
1751
935
9474
2544
9282
6951
5352
4700
5576
6986
5254
7318
1996
2011
606
4216
1550
2340
4627
6191
2138
4926
9057
785
3890
9533
1492
9809
1388
9937
5616
1194
8691
1148
1551
2250
1979
6077
4002
1970
604
322
8744
2531
1782
593
9640
1686
9831
3405
5954
1822
3179
9779
2433
1507
1535
2120
5444
846
9684
7982
5881
7364
2
2289
562
2162
6715
2580
2371
2082
9130
6775
4156
9823
7245
2903
4954
49
1596
661
7531
213
1975
2837
9873
952
8217
2357
6627
3978
9048
895
3634
3990
3399
1536
5444
4054
807
832
5483
4063
884
9263
1859
1284
4828
8279
5243
1293
4638
3827
9853
7651
5243
9232
2477
1172
2653
2121
7976
7440
1901
7320
5309
3474
2236
4713
3221
8848
3413
2486
5718
4516
8761
7
871
6315
5462
6687
6932
6568
1319
1995
8427
5666
2484
8186
9440
5769
1115
5917
2812
3086
8535
802
4348
7880
9699
378
1730
6886
6485
5894
8777
5014
5478
2674
8409
5570
816
8174
8785
1340
1216
2362
4894
9542
9029
7050
1510
9556
1279
5490
1395
2539
6039
2819
1967
9765
3299
6293
9193
7472
6019
5386
2943
2538
7462
4066
8914
4686
8296
388
3415
4865
2442
3254
6638
7421
7150
3316
8498
1151
246
1189
6295
6257
7046
6734
8565
5266
2142
1553
2254
7796
4857
3078
1293
405
3904
3427
5559
3558
6773
6727
8532
7421
199
4568
4672
6295
3729
9869
941
1762
5618
3669
4472
6074
5055
9195
8160
8311
8956
7085
5461
1484
259
3954
5228
3841
2112
6891
3840
1394
9910
745
5284
3573
514
5294
9714
3231
2146
1577
5367
5857
660
7009
9835
293
9412
5739
6738
721
4656
9802
7489
4531
8918
6289
8498
3174
7185
2323
596
8687
6550
3109
6068
2897
3308
5665
9970
5911
5787
4116
3726
8667
473
7871
1051
6604
7569
8713
6536
4358
2695
868
2313
4059
3146
2570
6783
316
470
4869
4664
8566
2454
5194
7969
1887
4791
3619
1994
5295
352
1023
8791
2800
3702
9016
591
5651
1542
8065
4897
5734
1307
3240
866
2195
7626
5168
1515
8814
435
9540
6280
9974
7348
6986
370
4448
1363
2152
1862
229
6860
6055
3594
8361
518
8169
61
6511
2761
9701
9432
9822
4562
8154
2379
8391
9258
4406
1088
2664
3101
2752
2551
858
1530
1118
2962
4462
1760
3192
2210
6882
7447
6257
1416
4771
9454
3059
1400
8959
7802
8683
6026
9814
6845
1775
8164
2833
6059
1752
8186
1516
5619
6400
4408
827
4171
41
1075
5418
1428
7369
1549
5163
8282
1670
6829
6192
3409
4836
7302
3700
3496
8248
4176
6265
2036
4105
6030
2015
2533
6896
1327
3642
2169
7433
3563
2246
9963
4314
3673
5009
1976
1019
7791
4975
8422
4846
115
9163
8782
3346
1843
8561
7928
5849
5528
9234
8108
3300
6673
261
7316
5666
7725
5969
161
7667
9634
2838
8385
5264
764
990
5267
9893
3203
222
1938
3026
7295
6232
9410
1242
3679
5052
939
3923
3589
1613
6813
6470
1340
2558
4540
1659
3637
2484
9061
7929
6809
1946
2947
1031
6296
5434
6459
4321
5756
7505
7736
1483
509
5188
7569
7768
4071
1880
2241
5632
4101
2584
676
2970
1203
6330
1042
5278
3895
1679
908
9321
2227
1465
6559
1209
5373
8904
7010
9162
3275
387
537
7414
2399
5462
8227
2062
1122
9726
2244
7371
9065
9801
6163
3426
1611
4545
6291
189
3127
9007
9351
15
8388
5192
5491
6754
5231
455
1604
9288
886
6744
7549
6901
1935
4971
2139
5473
5576
1710
8454
2068
2371
1398
4258
2569
3565
9434
3283
9582
2101
6403
1188
4275
6796
6918
7622
5700
9877
996
6405
1202
2344
4042
7781
3508
8731
8436
9522
6882
2638
5858
1521
9526
7855
8894
1371
6496
2892
8470
8073
346
6340
885
8874
3256
8135
1646
6098
681
7605
2296
4285
1644
9849
4628
4266
9353
1134
1866
7395
8382
7604
2753
5705
8754
6278
9117
7213
8127
7288
7933
5312
9956
8174
7095
9737
7858
985
7818
7093
1758
9687
5466
1098
8631
4500
338
2275
7244
3895
6139
4326
392
9885
1901
7005
8967
4436
1775
3700
6622
8908
9540
7624
73
1371
1289
5429
412
1061
2138
6496
555
6142
813
2905
8482
490
2346
8787
1903
2126
5235
1779
6470
6829
7909
2385
3673
1126
2810
5293
5652
665
8012
537
1506
7860
385
2556
2048
176
3026
6649
7358
3421
1379
1145
2353
1443
4197
2691
3584
5966
7189
5753
8359
1056
6421
5556
8726
4866
2630
4686
5933
6608
2685
9128
712
1205
2106
8928
4676
1666
8527
7063
866
7111
4911
7845
2915
2798
2722
4072
1746
928
7986
5346
246
8210
4945
1138
766
4775
3434
9040
7692
6091
4762
8391
548
1130
5163
5030
1792
2773
9517
26
7300
1363
9990
417
6400
5405
2852
1475
6663
4503
2312
7459
5989
5360
3904
9057
2063
5972
8034
322
1874
1011
302
4367
6383
8284
6227
9115
947
2471
4303
5276
9813
9106
4050
517
1859
2914
590
927
1248
266
7231
2373
8941
1048
5879
5250
8257
5990
1990
3906
3177
3322
29
2177
8961
3488
5731
1622
5661
5799
3356
3783
4971
5556
7489
6984
5458
2474
4876
1603
5036
2351
6899
2314
4912
4159
892
306
4347
7806
214
1822
7776
3347
3424
414
8188
1729
1202
8350
4584
1468
7934
893
9738
5474
2684
8296
4053
2644
1080
9719
2356
7209
9354
3990
132
8930
4189
3125
6153
4509
5904
1683
4113
9074
8323
8681
3029
6997
2752
5668
1174
5170
6084
6015
6172
9883
5500
5614
9539
9106
802
6181
6285
8966
9559
9183
8816
9817
8541
9265
5877
4559
3077
7180
3233
9534
982
8890
528
6581
7662
8816
7676
8112
1288
9157
9047
364
4250
7020
2140
7772
9719
6569
8105
863
5935
4602
2223
8542
9590
9964
8135
2622
277
7271
8803
9360
4913
3985
3215
7479
8369
159
1755
4403
7464
1467
47
914
4848
7916
6670
3790
1999
7636
1930
8415
8056
1600
180
795
1217
6729
5978
5483
8042
6024
2658
1951
9751
7870
3086
6895
7750
6894
8555
8170
2880
4248
8204
5200
5417
3993
8004
6457
2954
1056
8124
6073
150
1238
1132
2214
2774
3840
5464
416
4766
2993
3523
453
9926
9755
4255
922
1470
3404
436
421
1493
5998
7584
1340
3013
8442
181
8677
591
3354
1545
9079
513
8595
1428
8878
9891
5430
8422
9111
9566
3214
6641
2935
9044
2584
6541
4634
8656
8318
6415
1081
6977
3930
8839
8960
1897
727
3307
7827
8348
4682
6425
5292
8638
8075
6268
9195
2800
4156
749
681
3969
1126
902
5246
4522
6969
8251
617
1383
5600
9962
5093
8367
3750
7754
6918
6499
1822
9535
8644
741
1828
9696
916
6143
2902
9226
6441
6412
6312
3773
3928
9009
1439
9489
8083
1242
8195
1452
3517
5810
6204
877
9362
2722
9584
2520
8059
6192
6824
3928
8747
1459
867
2933
175
1056
9550
8455
2334
8298
6010
5995
1379
1028
781
5310
7914
1622
5649
2127
7443
7124
7790
7631
1254
7240
7837
7044
1183
2600
7337
9577
401
445
7101
5543
929
3291
3402
3651
560
2835
5177
5878
4234
4686
2865
8466
1605
274
1943
8666
9192
1047
6800
3918
1658
2839
3382
122
8888
2002
4120
5599
1002
1032
5432
6579
3740
4655
3718
2135
6240
5686
8520
9544
4917
5748
1378
5977
2578
3599
1055
9600
7203
676
1735
7271
6768
5989
5508
2498
8050
2253
749
6961
681
9576
9717
2618
5488
73
5983
3139
4823
9543
7826
3062
6783
2694
5376
3072
2422
1374
4977
2469
3706
1468
4281
4781
9495
1227
3516
6266
3800
435
9269
2790
7816
5930
9285
1545
4360
1736
3017
9895
412
95
1367
1033
9315
6337
2422
5465
8020
1203
6018
6343
469
7903
5121
2381
2143
141
4059
474
2374
8509
3739
4218
2580
7676
7208
6774
7752
7373
5872
8859
3385
4020
2595
9851
2581
7143
3192
5013
7964
4601
5493
4317
4823
417
9527
9306
8522
7377
5600
6613
2649
5037
2379
2458
6213
8776
6485
359
8115
549
2228
9201
6941
8098
9662
1343
2443
7585
9934
7672
3929
1697
7134
6752
6859
7959
641
1621
2078
6563
2007
9019
6676
6458
857
9699
4236
4695
2772
2655
4484
3166
2007
763
29
1016
785
7961
3948
2341
6529
2605
7276
7307
2841
62
1633
2168
3302
6984
8801
100
5130
5940
4401
9500
2683
6412
3651
330
866
6529
4068
180
3831
7137
3046
7313
8216
8348
1580
3044
1928
1122
228
1786
6613
9787
7816
5027
2651
1895
6235
7651
3397
3905
440
4941
1596
4462
7531
9214
1914
877
689
7746
1582
4435
4352
8859
713
8595
1360
4902
1780
9925
6078
9521
4858
4369
68
9385
5194
2520
3656
8125
7188
179
2234
5456
3301
5004
50
3306
2807
9109
8939
3496
5762
8810
6401
205
4616
873
1526
1595
3029
1061
4827
1248
2878
565
8225
757
8428
2680
6560
4218
4575
8117
6846
6410
1272
8183
7895
743
4286
7529
5123
6064
6949
2466
7546
9512
8137
7705
1253
1370
9424
5410
9125
3955
155
9135
7652
3936
6691
6692
4518
5405
8933
2667
3784
4939
9723
1343
9893
9621
6691
5402
5698
9346
7897
1429
1728
1187
4225
8025
668
7791
548
2815
9905
3444
5021
8459
2761
2244
8702
8967
458
3031
2688
7385
5094
7505
2649
5729
9096
2515
9201
4369
2911
4881
2448
322
6343
6056
4896
1118
7313
2052
3186
5295
7703
1756
955
4239
8136
1917
111
3307
1553
9237
5883
6532
6791
1874
9037
7536
3327
1664
4823
1586
5442
299
2949
5829
3266
5593
6649
5429
3664
5260
8802
6690
1483
5217
1103
3905
4433
2846
5351
6301
3432
2688
566
3458
377
3247
7537
4604
2519
7681
73
7960
4447
231
7216
551
1652
7862
3358
4992
5308
5934
2928
4712
5001
8731
1153
2867
3230
2108
961
9526
3203
7157
9367
2735
3312
6568
6659
4548
636
1377
7209
519
7678
9616
7660
8740
3335
1188
7605
5804
1023
8
1646
1205
1997
8747
1480
7810
9931
999
8239
838
852
3283
9630
4942
1522
4701
4394
3647
8915
3990
5674
8494
1941
5543
5738
617
5183
6960
4082
2421
5894
1828
6922
606
1888
772
955
5093
1958
2356
8756
7386
2859
2152
198
2104
8151
3221
981
7467
8789
3128
8265
981
7
2256
7886
6852
7261
8354
7621
8712
3486
8672
7654
354
8298
102
4284
6751
757
8200
4575
648
4903
401
979
3034
5869
8451
2342
3456
2935
428
5113
4146
6420
9123
8495
5686
3546
4079
6688
1035
2478
9448
9676
7234
8864
7981
5596
1407
3398
804
2872
8670
9540
9626
5365
40
1762
7794
7432
7400
9706
2124
1687
438
1922
4848
1150
3579
8272
916
481
444
4943
1573
948
7930
2072
3248
2929
1274
5336
9403
4592
2716
7623
7305
1072
912
5363
6314
2468
4912
1192
1876
4537
8041
1716
3987
3032
2287
1919
856
562
8044
5718
9249
6523
9246
3443
875
7767
6360
4857
4117
1536
1448
1697
5548
2493
1272
2509
9037
3127
2318
4065
5203
3333
872
393
4949
6780
9185
4503
4098
4691
9790
452
6150
7551
4933
8057
4717
1197
7823
2108
1526
1182
5971
4038
5089
5973
1448
338
3212
675
9066
2799
7338
2934
4720
2368
9741
1820
1555
2423
3085
7270
2175
9180
3314
2272
8197
7120
2908
186
6128
2921
222
4240
2057
2733
1052
5650
7965
7061
1324
5000
7898
1638
3610
4021
1123
8517
9914
1687
3508
7704
8645
1670
3227
7531
9373
9363
8880
9923
2164
1408
2105
3000
8903
4381
6513
1238
265
455
6349
2980
2233
8135
6660
7903
3205
5421
444
8207
7435
6398
1952
912
1394
660
5324
6148
812
4750
5151
6855
9872
815
6877
1071
9156
1813
4705
5398
1922
2263
3302
3236
2616
4381
7070
3254
8246
2934
5558
2467
725
2722
4594
1926
4516
5460
4131
1692
4612
7910
472
2187
7693
6324
5383
9912
3182
7916
5481
275
4379
1281
4284
4110
4011
4342
9878
3096
4569
803
452
6501
6601
1947
3741
5101
8089
912
8804
5171
7410
8509
1343
5397
3311
3717
9284
3871
5541
8296
1053
3282
4525
7066
5296
1246
5802
9498
9435
6576
280
7544
3198
1276
4967
6082
4747
2012
306
2994
9396
2658
6624
8587
4368
1300
2134
2261
1549
2006
4224
3958
3974
9394
9092
8604
940
3004
4909
5625
9845
2902
1585
7439
2533
3814
8469
3653
5912
6578
7059
7700
3026
3603
464
9070
1715
380
5513
1124
4423
8354
9742
2645
4271
1151
5506
6113
4914
688
2599
4948
1877
1031
9476
8157
7247
5033
664
5451
5269
5291
1100
6188
3663
5560
1227
9036
3770
5303
3877
7681
1870
8502
2363
7180
2384
5126
6715
9058
5921
3255
9453
3945
2117
6978
303
6709
5995
4843
1356
4569
5121
7965
4830
9475
5358
6093
361
2552
1213
1503
290
739
3925
1235
798
9056
1180
3983
6166
7139
1871
6487
8169
7438
874
3266
4877
1210
6938
6862
1242
8808
6532
1969
3532
6817
4257
1567
6626
6229
5847
139
1684
4852
1853
8591
6123
2384
1566
7968
9930
2426
8705
1628
9248
1885
6972
5922
2378
73
6115
3032
3669
3930
895
2857
8241
573
5061
7252
3207
8809
845
4256
586
1968
1743
12
2216
3368
2307
8378
7687
5857
8368
7521
6744
6226
7176
1843
1713
1412
1818
1460
7868
5429
413
7251
9524
1327
607
9521
5718
4607
6973
7290
5927
6730
2493
2234
4019
6188
966
3123
683
317
6054
7964
9391
9185
3565
5449
700
9874
8993
4614
4420
2045
7076
3402
417
6722
5829
2201
1371
2829
3990
7948
3801
1797
5475
5412
2015
3444
7484
9867
9319
87
4934
4283
2072
3741
44
6831
1228
1313
2824
2449
9841
4861
977
6541
3614
3514
1650
2468
8585
8713
255
8282
1554
4178
7509
4637
1245
5910
9576
5182
17
3322
5034
6486
9873
4448
6461
7415
5661
7619
683
6864
5800
2765
926
7010
1280
655
7888
7719
291
7227
2983
4302
855
1709
7394
3674
7430
699
5921
7858
7528
1697
1346
6916
2939
3305
5798
9576
1880
1578
1037
2688
7867
3981
329
9164
5195
1966
4516
8695
3263
2889
1890
5205
6085
8913
7562
7238
4532
829
3716
1799
8086
6869
1080
889
4434
8597
9786
2219
634
5623
5117
1399
6334
8493
6784
5279
4690
6095
7836
3627
8400
2526
9313
2994
6946
992
6911
9959
8538
2874
6324
2099
270
2612
4063
5350
3683
4424
2351
660
9124
4997
2050
4004
4063
2451
7967
7285
2228
4141
6728
688
8536
5559
6366
1815
1017
7688
9984
4458
9458
8813
8185
7579
4016
4731
4239
1260
1334
1369
1853
8519
1953
1357
2938
6081
7097
8143
283
2987
1757
3321
6391
1648
5927
2222
8546
3254
2521
5579
1281
4997
8978
7268
8248
2296
6749
9693
5412
8281
1856
1732
5709
3536
448
868
7314
8730
7272
7534
730
6859
5243
5817
7210
354
9325
1312
5093
5462
4046
3478
2589
5780
8177
3175
6938
3339
2714
5124
6844
9563
756
3945
1978
1599
2200
9458
8279
9878
5813
1510
771
3273
5877
4803
4882
6144
8274
6862
9976
1819
7828
2557
123
2859
6831
8147
6873
7254
2325
8553
6201
1368
9166
6799
8852
8007
5207
1012
1129
7961
5748
2807
3259
8127
87
886
169
456
1136
8657
1154
3540
3214
880
4793
3252
4400
3376
8823
4107
4981
6728
1937
2735
711
553
5457
4560
4441
809
964
300
3956
6690
458
1382
1228
9260
3938
8325
4054
2818
7287
115
6514
2068
5127
8896
5107
541
2236
861
6462
8159
9659
7266
881
9218
7395
4415
8367
2618
1992
4296
9362
3482
4215
9531
8564
7876
7305
1993
3965
6633
5583
6793
5685
5618
8446
8668
2366
2904
7415
9549
364
2133
2290
4347
859
3106
8526
5864
4315
1874
4646
9789
1812
7699
5353
3662
2853
4103
8796
4357
6977
1507
4903
1953
8089
6908
4215
14
1116
7119
7869
8036
1845
8369
2003
1587
4659
3627
1870
7018
6893
5905
6770
1516
8406
3761
888
7264
1237
806
1916
7822
869
9498
117
7915
664
2894
5864
6482
7979
2495
1587
2459
252
9198
142
6822
6220
3484
7619
9909
3722
4266
5910
6556
1569
5491
7133
5611
5155
8164
1843
2125
831
4454
6549
1032
3615
1591
7439
2813
4030
4604
6621
8976
7458
5595
8816
7358
2187
85
4418
275
5474
22
9948
5188
2268
8664
3989
2363
2035
5048
8309
2700
4135
7637
4874
1741
5377
7583
499
599
4162
7274
5012
1171
120
6530
2436
1296
2062
5950
5632
8839
2741
1769
8857
4065
3818
3133
3411
4862
9885
9018
2299
1790
8557
9639
9604
3519
9937
1809
2007
1822
5216
5662
1930
2480
7825
7364
7543
783
1726
6456
2387
9757
8799
2445
2334
6011
3245
7020
1064
7987
5814
4601
320
6999
7231
2778
8497
1844
4437
2564
6458
5463
2422
2828
5637
912
7352
940
2558
5607
9324
220
173
6031
1376
5747
5403
4007
4792
9447
3992
5327
6003
3788
4936
833
3364
911
7040
8476
3493
3865
5261
3554
321
4404
1990
7083
2335
2707
7939
9962
9139
2660
4881
4095
1457
9495
7080
925
1542
2316
2288
649
9317
1864
489
7900
9069
2863
9989
5495
6984
7483
273
6104
1021
4258
2448
7146
1775
9467
5623
7185
2871
9065
1982
741
7680
4741
5570
108
945
9227
8896
260
6316
5111
610
5179
2310
9781
1432
963
1376
8191
3307
1854
2825
9960
400
7728
1962
5558
2336
5259
1911
4116
6237
5255
2210
2751
3359
2842
2414
6516
9038
7763
8546
7686
8132
9638
679
8878
9145
8999
5890
7948
728
4676
8664
9571
5759
2589
1057
7837
9483
7125
5218
3275
2905
2966
9028
1615
3112
789
661
9095
6064
658
1859
468
9857
2388
2746
6729
9361
9753
7093
629
8186
3135
8245
8120
2344
8541
8145
1669
2946
7362
6200
3473
371
5929
2327
2229
6403
6995
719
3165
2649
8813
6508
1182
1016
3144
2427
9338
2261
2100
9112
1134
4263
8079
4846
7794
2863
488
4484
5076
353
2321
780
5840
8257
1149
2960
3058
2640
3304
486
5804
5727
7766
7874
6762
2598
6886
5845
9219
3302
3551
3344
6803
1593
7074
8929
2572
9596
1258
9961
2688
3040
3595
5662
8033
8574
8263
331
2829
4604
704
1450
9395
5717
1708
788
1076
6137
5408
5138
688
4694
118
5960
2780
1827
9698
8582
8587
6460
6415
5229
8846
8570
9591
8062
7315
4219
4411
3968
727
8377
2382
3986
8363
9226
2904
1459
7038
160
5946
7747
1202
7576
1751
9056
5017
3610
870
55
5960
9045
2992
4254
6328
4995
2686
8981
5600
4389
8224
197
4109
6415
3157
9355
3767
4766
3421
2382
1398
5833
3611
2103
4822
9828
4817
874
6753
634
938
108
9974
4299
5557
2231
1711
4210
9818
9996
177
7077
6711
513
2153
7311
5101
2601
920
3279
1307
7968
113
8057
6070
1536
5681
3236
3795
9984
2307
2324
8842
186
2374
850
4939
9205
742
6149
3218
5195
2755
2680
5638
4850
6776
6270
8077
9349
1261
7884
6060
6138
8475
6361
4438
4871
7506
7041
4474
1487
1881
3198
6113
141
7327
513
9308
5039
5923
5
7054
6104
5450
213
3863
8477
2243
4790
1096
2582
8061
289
8977
7108
6626
2307
1157
3458
7040
5624
9495
3758
1131
885
5932
1152
4308
6404
1548
9677
2597
283
137
8184
8834
9409
4394
2674
4469
3221
8148
7173
7631
5678
2533
9823
454
8211
9882
3526
9684
7176
9252
9173
9712
3557
3103
4104
4303
8555
340
2593
4329
5067
239
7003
3088
5200
2310
6833
1743
626
213
3328
7596
5494
4583
414
2076
4272
4205
7667
5294
2565
8869
6024
6662
1724
2188
4900
6619
7002
1225
3586
1881
4945
9331
5394
1024
645
4581
7243
1626
294
9493
2263
937
3399
7460
4130
509
436
4837
3383
1928
6810
4973
1122
3254
5532
2861
3852
6941
2210
735
6022
8014
7274
9345
4616
4703
9155
5464
4809
6965
9146
4351
5172
9443
6584
8390
148
1826
1891
414
4107
5457
476
9518
3876
3151
6661
6676
497
3881
1580
8314
1511
5259
7272
222
6791
7177
8893
4253
6340
8772
6246
8736
7326
6829
9427
3520
3746
4072
8124
4665
4529
3412
9551
183
8286
923
1703
5438
9617
6416
2228
4119
61
8907
9716
84
952
9066
982
5549
9481
2657
7068
3282
2854
3285
1735
9383
2270
2681
7695
1410
4670
8904
5412
103
7268
7854
1263
3531
7439
4751
6639
2868
6053
8669
5030
7315
2006
4784
9212
50
3179
8442
4522
378
2109
7767
3393
2820
8005
6481
6038
8267
1254
7792
8499
7279
9809
1310
5773
7357
1237
2813
1043
2237
3741
2367
546
5286
6480
1588
9306
7901
6944
2866
1638
3001
3322
3442
5467
6746
2400
9204
5760
6537
2778
6175
108
355
5821
2743
6486
5211
9813
2326
1879
3804
3211
1214
225
9455
1161
1527
4749
1601
6925
982
3443
8993
4977
2550
1245
6043
2621
5438
3628
1291
3636
1323
3655
2466
2112
9439
2946
388
6230
1440
9551
1013
3809
3786
7988
5131
6683
7239
5019
6400
3691
4722
4637
5647
2198
995
3560
9914
5549
4717
4434
4275
6451
3113
8
4814
9574
6974
1004
6937
7622
4884
6377
6497
8002
2683
307
8663
4260
5659
5301
2261
7379
976
7371
7025
1905
9126
2758
4472
3761
1140
7822
9338
6072
4754
6254
5800
1935
8483
324
3286
8643
2585
7396
1560
8422
2575
464
7050
1361
5524
1788
1355
357
3660
5286
7251
3971
7465
3693
316
9713
4278
4166
5720
528
1739
1666
4020
6181
3556
1002
9148
9029
952
8442
1912
8153
9315
6237
1882
3675
1023
1768
7494
1198
6416
1122
1091
2147
2621
6285
198
6865
3895
9914
9830
7407
2109
7603
1228
9223
7367
6714
3085
1158
5231
1597
3745
1474
6494
1919
5065
114
1399
1287
1509
4880
1944
5358
4947
5580
3730
8295
2673
7023
8686
5351
689
3334
7690
2558
4184
9392
7656
9419
8251
3028
6159
5795
1330
8547
5929
3510
218
672
8199
849
6685
4860
2835
1661
4933
1142
3012
1068
4917
6796
1694
8666
9802
9313
1918
6129
2743
1167
7032
2277
1626
3545
7364
4463
6003
2757
319
2614
2006
2126
8163
9974
6217
546
3261
9641
5164
6674
2082
3662
1276
8789
9502
8813
3841
9066
692
247
8817
6599
7241
7209
9274
8011
2222
2659
3781
9462
9804
6419
9274
1662
8355
4164
6651
8869
7724
2716
3767
862
3051
5897
561
6195
8294
9467
4293
7604
7210
1194
5121
9537
869
4173
2698
1808
2474
8085
7357
8525
6714
352
7685
1845
2333
7966
2653
2234
8954
1745
1480
924
4511
315
2963
4657
4182
2410
8108
6960
1358
1211
8181
1854
2087
2966
4272
9749
7560
7894
8735
7225
5217
1610
4113
2763
1648
1943
5583
9179
2526
340
1737
1440
7856
1472
3821
9295
1689
8093
5091
5428
7808
4685
7520
4461
4922
3217
9001
7975
3356
913
8680
5659
2016
286
1857
9853
1862
7877
4252
9971
871
714
2184
957
1050
5036
6211
7201
4165
8283
4266
6074
2942
1593
9064
2931
6243
8473
4017
5370
9277
6376
8915
7270
6165
1273
6662
619
4571
4898
5631
2444
5927
5012
5754
9611
3926
6487
3189
1584
8902
905
4650
4829
8528
1548
4015
8004
1105
2564
8845
2293
2745
9707
6356
8580
5982
6799
2244
8688
9448
4004
3602
5500
2447
3062
5091
4688
4582
5605
6465
5057
2293
3489
3100
7034
2287
7668
6496
8674
1845
9481
8445
2045
1026
2897
9434
9994
6982
137
5668
5171
2695
8577
1134
4444
8512
8528
7970
6793
3537
8690
2488
577
7649
321
700
4475
2972
272
6586
5369
7686
1964
2218
1626
3853
1320
2568
2410
2730
2008
2254
9296
7237
2309
245
4491
7008
5108
880
3449
7486
2682
1677
5154
9939
7535
5513
5175
5270
8120
108
2114
160
6417
6861
2464
9795
9207
1841
5223
6435
2275
7945
7555
8258
7196
4066
1885
4706
7253
945
5351
4117
9689
9540
6131
5343
9338
6362
9433
516
865
843
1545
105
5151
1412
5385
265
4319
4119
3521
6866
4663
2671
5539
3939
9264
2888
3361
2669
4668
7543
9994
1793
4789
7510
2206
6215
3640
1060
9397
2702
4562
4733
2098
59
82
5756
7767
9271
1534
2622
1462
159
8476
9974
5548
7817
9191
1980
8593
4051
7123
215
8156
8327
662
8523
3544
8490
9606
1340
777
8936
5205
1147
231
287
7633
2074
8207
658
6117
2793
7049
3760
4502
1999
9238
6001
1931
4181
6070
4507
701
9122
9368
9861
7175
9246
4454
15
5800
7781
8651
1493
6436
2185
4854
7089
3871
4699
474
6593
5533
3507
8156
7034
2739
8519
3202
3826
1277
1032
3197
4851
220
5578
9615
8701
7734
3069
4240
5044
6377
7021
991
5940
4262
4711
482
4328
516
4029
2065
9613
3111
5805
1361
5693
3939
9997
4339
6032
443
8071
8927
8801
547
7744
1051
2311
4513
6382
2506
307
1375
4388
9391
5500
4594
288
6867
3025
8752
354
9197
1245
9569
68
6846
3103
8770
7907
6252
3783
9950
7260
9122
1105
9286
5964
624
5950
9341
7525
2939
7586
1558
4743
1832
5814
8700
7252
8827
1929
8657
8858
1865
1713
6317
2330
5998
6683
7044
5600
701
5027
5323
4111
6518
6553
829
3951
9597
9380
7373
2684
4158
7052
1130
481
7052
6219
3788
465
6753
6292
3216
5230
2425
2794
2648
2709
4819
7989
2501
541
1845
3690
5920
1970
6018
6860
1200
5731
3693
773
8789
9772
1057
2053
4225
3819
6734
675
5474
8224
7962
5142
3727
7030
7924
7892
7408
2501
1743
5334
8082
8915
6064
3882
3332
3454
1916
1384
7555
4
2159
996
1868
2438
9341
864
3917
4080
6194
6593
4497
495
2077
484
5770
2608
7755
2487
8366
2107
7758
5428
8176
5919
6454
6718
5657
4372
3778
8913
7404
5023
7763
2811
1138
6630
7019
4774
4083
205
8059
7825
2444
4656
1173
7713
7458
308
2545
6211
6641
6634
1314
2124
6611
2064
259
7682
8182
901
785
9665
298
636
5017
399
6292
3058
6741
6758
7841
2126
2676
883
3725
794
5017
8206
9149
1485
9895
8600
6321
2338
4438
6493
3804
104
8469
9254
1459
2144
6915
4942
7047
6732
8054
4190
7758
2366
420
4102
1350
1586
2824
363
1400
228
8188
6102
9695
5680
6125
1942
1137
1820
1400
6489
1165
1446
1245
2679
7572
5401
2276
7245
3592
5067
7866
1670
5459
4237
3598
5840
1615
5977
562
7617
9672
1779
302
4120
5174
8578
2223
193
5578
9676
7428
7749
5442
4598
3907
3994
8743
315
5294
4424
1450
5466
6943
841
322
9696
6748
3541
1827
1430
7953
5828
8083
4915
7449
962
4748
3463
518
9578
6732
8635
1938
5100
8885
448
6134
2775
5508
8548
801
6459
6779
1333
6652
8241
145
6292
5481
5945
2453
9565
2201
175
2037
5294
571
4649
6315
6875
2272
278
5598
6181
1869
265
959
1146
8961
819
5852
6702
655
7575
8990
3218
2734
7143
4923
881
2269
777
1564
4711
2970
7324
1537
7537
4271
3059
7611
8752
5505
5371
9046
7150
10
2787
94
9995
7150
2513
9253
4990
2151
1045
3391
7661
2549
2852
6144
6326
3110
735
5315
6849
5033
3000
1169
7866
1257
4114
6041
7053
9442
5382
1231
8496
277
472
3991
3919
2053
4617
3500
1615
663
7611
3189
2064
7695
8830
697
234
55
4635
3582
1413
3302
6376
5393
2037
2403
7091
8208
1088
8446
9279
1295
6962
9404
3429
8395
3827
6619
9318
7054
1205
2310
1067
322
114
1428
1127
637
2513
5610
7377
4157
4236
2251
1250
2685
8626
8926
8893
3538
1530
396
893
4858
2013
8850
9862
802
4466
8962
3885
1778
2394
1053
9070
8125
7862
6932
1728
9500
2486
7388
9880
7457
7496
9383
6587
9493
9383
4026
2350
6630
9384
4885
1760
9613
522
1478
461
1626
2865
1984
9561
2064
3420
4533
5921
6558
2884
9240
3558
6061
5623
2057
5247
682
426
6152
1757
1608
9909
1191
5631
4668
1367
2488
5823
9151
5102
1983
7381
515
2443
2099
908
9995
3458
4908
4745
1963
9041
4127
4390
2684
3952
1268
330
2750
7505
675
4516
6704
1005
131
2904
2966
4532
2072
5984
4696
8036
184
7364
9204
2339
3568
507
4436
2837
5567
4485
6749
1592
2253
1633
9141
8616
51
9683
5772
4850
8656
492
748
2717
7796
6187
6862
1341
9649
4187
2313
6133
5323
2067
343
3718
6526
2724
238
523
2687
4901
1482
2700
111
3312
6098
3985
8747
6646
6665
6804
7491
7086
6779
3791
6740
2693
2765
1277
5451
2367
4401
2102
8481
3523
8899
8453
9447
7899
1814
6598
5677
1009
4085
238
9703
368
6486
4806
8097
3688
6819
3711
9872
4128
2703
774
7955
2691
316
4348
1996
3064
3737
4274
5947
3042
6566
3437
3124
1792
4854
6949
7479
7187
2385
928
4149
8202
1324
2355
7588
2597
2636
393
622
2721
4123
5900
936
8363
3095
880
5453
2339
7240
481
4029
2798
8887
5988
2483
7540
4695
2296
1196
1139
9078
56
9122
1261
8123
4966
3375
127
492
1315
241
5099
2299
9556
1179
6929
3020
2450
1693
6133
8977
6641
6626
1455
803
8999
5412
1931
3100
3047
119
3236
2461
1638
1669
1690
5819
1245
1422
181
5560
8838
4447
6206
376
5924
1077
3698
4648
3413
6354
4913
804
1671
4982
2734
5906
1988
1405
2110
4922
789
2211
7934
3654
1052
8977
4044
5141
4890
1405
2971
795
7976
1739
1435
2518
1412
4279
3412
2801
1922
5983
1614
5390
5411
7491
8110
597
1633
9974
335
1902
5132
8530
2254
5530
7218
7646
2091
9239
2045
4516
2557
1083
8553
9865
6867
1844
9545
1300
2705
4791
9774
8932
744
75
8399
6670
4658
4069
8979
6692
8187
5661
3672
1754
9038
3566
5453
6687
4787
2057
9325
8131
5495
6909
1453
3513
1623
6744
9247
6002
7390
7153
4246
2691
6188
5097
4282
1842
8696
2935
5456
1561
8216
6784
1576
5627
2248
2529
5658
4370
448
4446
9038
1968
857
3898
6144
7166
8082
2086
911
3345
8064
8756
5934
9709
170
1785
9635
9
375
10000
9064
9907
8800
9599
4070
8547
7175
1298
5532
5361
4129
2851
2499
7791
6071
141
9943
890
2924
4316
3576
2430
381
5544
1900
6736
2406
7883
4807
8147
3450
5748
1467
8740
3783
40
8165
5604
1959
2155
2922
2036
6294
5800
2772
1705
1107
8902
1999
1990
7388
2210
6607
1993
9780
6167
6671
1056
7394
6031
5081
5843
9056
8754
813
3912
7979
380
7921
1094
9449
7806
3285
8759
7222
7138
1257
8532
4936
522
3948
9870
9967
3164
4023
7598
4503
38
7255
2403
6864
7038
6175
8321
8288
6923
2520
5837
3973
6963
3261
1449
4731
4414
994
797
1744
8083
1911
2045
8176
5688
8669
3054
9790
1947
9112
6001
3287
8649
1878
5579
6926
9402
617
9070
5893
5595
9761
2380
967
172
3072
7686
5939
6402
5834
5150
6715
8895
1225
5714
4633
2964
861
9049
6574
777
1415
7211
1558
3822
1522
1681
9471
6430
4469
476
213
4428
5066
743
34
1730
6626
9473
7334
6506
2632
1326
4457
1845
4675
228
8851
6503
7926
4056
2844
79
7696
1613
997
1615
5464
2439
2669
297
2376
5429
8059
892
4073
2563
1672
2714
5834
8025
9331
8747
1069
2714
3885
6575
1336
9128
3560
6173
4329
6584
8962
1592
5325
3256
2103
8498
6103
5509
3487
5688
4792
5776
6110
6904
8754
2025
7414
9791
5969
7087
8529
7744
7985
9260
8979
8858
4931
4809
2137
9372
1416
1394
5609
9928
4910
598
2162
6932
6255
2487
8852
6399
729
3826
2462
7439
1034
589
7462
1553
9351
6228
3256
6130
479
230
4304
9961
6793
7039
5537
1515
1680
7742
1611
189
9659
8638
3723
5495
1343
4767
9750
2018
1297
6927
167
4693
5883
8734
2525
4834
2346
1298
3992
2268
8475
5063
4424
6976
9930
6827
1812
7884
5918
3354
3183
6734
8122
7515
5423
5063
6328
934
443
6875
2444
2475
3413
1876
760
531
2226
8327
3037
8426
5759
3272
9663
8244
744
7893
1596
3509
2766
6446
8234
4858
3984
22
5357
521
7736
9253
1861
643
603
8542
849
9282
460
7713
3535
5095
9118
6516
1534
2337
32
5224
2739
2085
9422
1275
9639
369
9004
8547
4828
3422
4798
9756
1118
1548
5834
9714
9828
7439
8564
4846
8254
5736
6476
668
5475
2174
5192
6764
9165
9284
9626
7243
4370
8857
4148
1841
9459
9319
6957
9377
3131
5029
9976
2176
2057
515
9312
4632
3526
2121
1432
2645
1700
2982
242
6032
8492
951
4103
7976
1303
2281
1513
957
1140
5834
5629
2263
418
6510
1887
730
4982
5623
93
4932
8588
5000
9404
2855
8929
1917
2472
1990
6917
3361
7120
2250
4302
1920
3916
37
3611
630
9049
274
1415
2312
9644
3136
7381
8887
4265
4444
3161
7771
7076
1032
346
4597
1049
2262
4052
4967
4563
674
7182
8869
7546
104
5668
7850
8715
7039
6554
8719
3035
2125
3965
8218
5456
4203
101
6349
2923
2666
3350
5210
1186
8263
1050
8511
746
5875
3095
7128
8633
5712
2945
2482
6445
2251
859
9312
6930
5775
5067
9397
2817
8051
2647
5107
5584
1174
7278
2686
2607
6522
2083
934
1000
9912
2708
940
9168
8436
5064
1058
9394
4484
3139
2913
1522
1841
8888
164
3828
9032
8890
2821
1935
281
7324
6813
5804
344
5488
9828
1484
5846
2566
1598
1654
2432
7970
3571
3813
1366
8278
5957
9184
5291
2682
1121
252
2311
7566
3919
1552
6351
9435
9877
4030
7707
7932
1640
5634
5268
3388
1389
5531
943
7844
383
225
6401
6064
3952
295
5108
1055
1070
8517
9446
2385
2284
6162
9970
3670
149
3052
5248
7985
8000
2675
4175
1077
8747
1126
5775
266
3729
1845
6909
5772
2157
5046
589
8107
7859
6111
398
373
4095
7208
2753
2296
3656
5490
2144
3460
7313
3429
3459
6163
7850
7984
7579
869
7575
5056
2365
2680
7010
3300
2560
9611
5424
4540
2434
2163
3202
9992
3462
7535
2895
6360
6971
2703
1528
8820
9102
7102
8243
6357
51
5468
3849
7255
98
3969
2546
1637
2418
8138
8348
7625
3922
4611
9058
5330
757
2978
1639
7985
8388
4915
4209
6929
8416
8402
878
4947
8530
5823
622
7100
8847
8506
5066
7843
2628
6793
8475
1196
7073
781
8001
9768
901
4926
6371
341
121
4654
2362
5953
8762
2079
5575
8859
7100
6424
9018
978
3289
8910
2993
8818
1820
3079
7448
903
4659
6927
2653
1784
4247
103
3063
4226
9507
5908
2435
1690
8083
4298
7943
253
9549
6572
3244
1559
1637
712
2701
7037
5297
7241
9312
1199
8873
4401
5984
8767
8086
3040
2673
7122
1602
4170
8749
7653
8902
4594
3302
5228
6974
7265
4961
5750
3804
1308
1680
3573
8401
6064
5167
5331
5664
4612
7345
2522
8037
2663
2021
3423
537
7015
8291
8189
9085
8409
9490
6737
6229
9348
5375
1831
1953
3285
9836
3373
8617
9817
1822
2849
1509
6085
5656
2836
2183
2753
3393
8554
579
6549
7923
6937
5581
7811
4297
1320
8242
2260
3566
6211
5093
2734
4595
1976
2130
8959
8326
419
9327
5067
9442
6253
4000
8687
8712
3058
5085
6429
4915
4133
5115
2123
3391
2011
6848
5958
1153
7119
4804
3130
4140
5614
1297
2191
2003
1275
9594
6997
881
8736
6183
9834
1127
5986
4220
7453
2366
4477
4285
575
9046
8845
5361
4403
6941
7636
3358
3531
1837
5865
9629
505
999
3988
5091
2439
1464
1701
3806
6617
2342
1957
8206
1890
1870
1984
6847
7273
3511
4409
739
1491
5843
8369
2126
7153
1630
2237
5685
7814
1072
123
3261
513
6312
1384
9408
7428
5311
5461
6946
7931
5099
8171
216
9833
755
4481
5150
4639
1062
1362
4582
710
7226
4426
6012
3329
9100
6238
438
7943
1747
8131
6618
5269
224
2586
6025
3641
835
7364
8013
1892
7400
1401
8214
6179
3527
3785
3391
8835
2665
7216
9512
9703
2501
490
9901
6110
8949
2447
9002
1682
4277
6421
4997
1705
8412
7195
3605
2682
1094
8714
8662
1782
175
76
9451
5593
7260
371
5682
4472
5273
1544
648
6877
7661
9864
2429
2816
4234
78
9680
8473
2797
7745
648
8827
4468
7361
1024
6392
9778
610
1154
1596
2204
2363
9198
1754
5076
7717
4799
185
751
8000
2321
7407
300
8691
738
9787
8958
1114
2415
4724
9948
3308
7806
1379
1314
7608
2789
7720
722
7905
5594
1831
3712
9069
745
1501
4542
7887
920
7300
8538
767
2545
1291
5031
2191
1725
6096
54
2738
193
2213
4673
2025
5561
279
4297
4333
7544
2713
8750
9821
8915
210
295
668
8835
8826
1187
7841
2095
6093
3510
618
2993
6135
2717
7786
2383
2686
1605
1401
9566
9112
3306
9115
8738
9893
5785
5301
9388
2341
5759
9950
20
3642
3066
3602
7908
5868
6760
1238
2980
1544
692
7016
597
1598
7238
654
5623
8510
9407
8675
2807
7303
4342
759
424
9100
6610
5365
5334
5396
1157
73
4641
605
7318
7721
8277
6227
5085
298
4693
1360
3482
4072
4236
143
6536
7997
9352
326
6324
2020

7124
2956
9279
1567

